328 3 284 288 545 430 558 628 601 871 
490 304 376 21 204 520 110 355 928 682 
553 286 990 588 668 709 61 351 231 161 
425 886 0 592 101 556 559 8 322 561 
672 855 163 202 746 13 980 599 514 538 
554 148 424 492 766 708 422 70 154 250 
341 345 748 407 457 737 664 555 212 501 
447 356 948 544 196 41 422 357 235 933 
239 685 3 967 162 614 234 675 446 176 
834 602 412 711 505 707 367 376 682 577 
128 647 437 68 507 532 300 485 445 915 
352 18 101 486 995 133 696 370 816 514 
333 129 287 909 925 958 674 161 755 182 
961 48 997 221 4 846 208 415 833 210 
625 819 440 696 321 243 225 612 714 192 
357 350 983 650 917 163 73 152 239 556 
641 768 526 839 581 49 244 234 157 148 
860 871 971 203 425 750 614 922 630 284 
11 375 949 793 593 863 142 912 995 719 
757 128 545 599 692 908 608 212 256 211 
816 585 913 258 981 338 723 342 88 423 
623 435 64 931 718 1 725 675 341 367 
290 951 867 516 216 463 664 337 105 989 
418 651 465 167 786 442 753 449 736 602 
966 910 590 958 445 505 223 795 575 631 
144 880 361 263 629 779 693 225 175 879 
85 644 242 891 619 478 261 372 521 46 
434 86 66 967 739 918 158 222 579 594 
713 153 492 701 819 699 331 842 195 634 
363 988 633 752 468 173 942 883 270 602 
511 760 338 815 886 972 962 48 712 851 
169 445 373 495 535 165 593 727 753 160 
968 662 211 730 262 861 713 440 538 16 
636 641 793 829 37 482 839 761 930 975 
73 487 797 621 322 349 539 794 210 229 
659 178 802 558 223 370 19 222 265 959 
142 507 184 336 81 694 76 579 601 371 
209 986 773 33 544 912 602 401 298 784 
207 636 437 468 549 551 895 92 368 977 
939 404 520 306 231 242 409 635 323 525 
456 607 672 998 957 567 744 427 470 181 
802 119 358 962 68 610 7 815 26 63 
334 78 457 387 711 491 322 591 251 315 
767 417 310 64 428 391 785 377 678 157 
820 979 931 257 235 288 773 206 266 854 
338 766 949 894 572 405 146 425 698 67 
164 126 751 948 153 277 731 638 26 944 
116 421 658 726 169 150 870 823 87 616 
378 682 382 113 94 745 13 592 30 748 
800 674 984 275 989 817 271 127 934 424 
830 376 191 572 841 800 396 49 548 307 
343 735 330 761 467 372 962 482 759 37 
62 577 860 136 460 809 479 447 720 529 
776 778 438 886 198 332 373 142 223 101 
354 480 393 795 513 994 274 50 290 5 
481 462 708 611 932 790 295 316 138 134 
636 243 95 495 356 606 792 726 632 933 
487 332 756 209 722 27 925 198 157 464 
447 663 65 626 76 903 403 197 160 776 
875 676 742 276 628 816 102 866 825 828 
930 836 257 536 186 166 278 207 880 918 
750 201 288 311 580 682 597 267 84 2 
164 846 219 600 52 973 488 994 980 695 
464 294 828 891 581 826 423 41 401 649 
662 74 21 280 645 346 907 939 43 141 
488 58 368 138 236 851 559 870 172 954 
193 706 538 27 601 994 454 498 360 608 
246 745 126 561 551 597 45 323 312 200 
566 130 517 788 580 10 904 276 41 602 
972 203 751 868 89 753 964 991 360 338 
426 276 315 961 790 77 503 227 547 183 
648 266 631 100 401 333 261 871 277 615 
470 732 498 594 248 695 966 634 752 154 
34 639 678 730 614 658 776 640 608 562 
550 64 577 628 410 934 434 380 246 784 
928 175 620 241 958 741 539 456 557 45 
663 388 737 953 171 497 58 409 36 466 
506 300 677 920 943 70 826 821 567 640 
42 521 709 151 695 129 45 816 302 435 
407 383 767 49 295 932 961 99 665 260 
527 354 170 697 486 904 7 416 525 826 
177 459 655 369 36 568 360 600 181 34 
494 177 399 778 320 963 786 215 501 910 
830 850 588 230 647 202 467 339 236 411 
61 938 750 637 791 396 960 599 930 949 
26 409 910 312 732 137 597 338 405 846 
27 350 183 898 902 684 479 596 561 938 
528 614 458 911 113 776 226 169 257 47 
797 296 861 170 735 20 672 677 763 836 
975 257 183 946 389 208 587 430 808 444 
822 602 252 94 216 698 670 644 434 692 
951 757 256 793 622 268 939 955 499 73 
330 290 723 860 441 867 494 176 154 258 
957 825 946 183 594 608 904 661 809 772 
368 48 972 869 147 90 111 958 966 847 
56 560 214 336 801 947 739 122 509 620 
421 518 592 109 536 226 138 545 147 741 
573 697 785 421 614 603 580 694 350 582 
234 935 118 159 512 526 572 495 347 642 
920 234 982 427 840 927 642 170 530 79 
153 725 545 530 626 71 782 226 210 652 
11 3 979 447 326 197 566 699 674 980 
174 272 349 584 673 638 59 306 936 467 
760 749 296 996 469 724 215 352 419 793 
921 394 413 412 486 519 951 640 295 773 
206 211 554 369 507 571 993 133 928 22 
599 154 873 430 917 521 629 350 368 668 
582 112 535 816 547 447 159 648 551 273 
380 196 370 552 336 216 873 554 615 212 
512 479 519 406 385 401 96 699 400 30 
163 413 371 1 61 570 320 606 585 68 
444 846 644 769 484 502 94 863 189 61 
107 566 773 230 660 438 812 179 334 700 
803 728 48 828 616 87 201 715 232 430 
952 877 779 790 418 965 761 744 940 705 
610 966 577 707 409 500 929 938 623 712 
47 138 855 694 254 811 745 569 181 912 
930 998 141 613 62 324 659 227 708 157 
614 653 231 874 98 752 373 564 647 121 
991 337 41 521 690 163 164 551 330 50 
609 884 998 360 181 596 478 517 885 952 
128 283 295 118 577 83 920 959 828 556 
153 684 141 346 709 574 415 95 563 444 
767 417 783 507 503 490 570 478 469 460 
405 600 432 532 580 335 479 355 508 856 
836 901 801 783 528 456 817 335 575 480 
145 417 67 46 486 211 865 330 779 551 
624 773 698 539 922 200 585 454 141 157 
121 10 19 552 616 629 847 541 907 351 
556 332 12 306 187 551 351 398 650 826 
68 881 922 979 331 539 825 843 544 27 
975 973 143 438 520 919 571 456 987 448 
728 529 899 566 243 617 922 774 265 383 
851 792 782 736 616 507 594 105 380 415 
405 162 673 608 806 773 831 882 141 180 
933 261 516 767 434 523 271 312 615 602 
579 351 791 811 950 52 322 639 697 990 
702 491 688 330 375 765 654 85 174 351 
922 802 116 484 614 397 525 65 300 299 
880 535 294 23 128 839 832 414 91 331 
278 382 294 872 769 565 356 688 813 782 
773 367 591 640 590 122 117 127 508 691 
429 36 212 711 293 209 340 550 18 53 
512 131 859 992 340 914 575 198 861 585 
933 552 25 357 314 721 19 203 554 372 
126 779 435 700 474 524 615 490 342 776 
684 605 45 625 337 138 232 370 749 819 
974 493 518 648 766 620 958 94 190 950 
281 5 414 699 445 580 16 608 842 814 
418 660 765 199 668 215 510 320 259 505 
212 230 539 47 583 817 787 355 519 124 
517 998 736 654 243 418 48 765 78 943 
895 909 571 478 779 487 838 239 221 760 
28 100 122 900 914 775 626 426 649 46 
563 541 456 164 171 106 422 169 213 92 
315 164 262 714 287 456 631 294 209 171 
687 920 490 935 967 598 248 860 604 59 
539 452 367 281 127 903 234 521 574 117 
557 266 584 525 27 265 825 187 377 660 
452 453 859 862 957 447 652 98 338 961 
353 309 181 636 701 879 495 297 627 93 
611 772 298 540 12 515 986 638 967 49 
500 336 134 177 8 159 894 602 373 816 
229 110 294 271 551 856 945 398 4 632 
62 903 241 46 154 504 155 211 204 744 
238 746 31 575 805 365 12 636 791 654 
832 964 401 967 540 993 60 718 907 337 
328 660 292 277 23 932 766 669 656 289 
489 574 811 904 547 591 307 919 942 293 
914 252 719 521 47 31 222 878 996 154 
782 590 268 797 88 99 80 464 215 288 
859 676 76 921 154 642 889 195 549 958 
665 917 969 338 437 979 346 675 388 902 
396 337 259 859 403 341 29 710 224 349 
308 376 375 102 479 738 841 137 192 291 
75 953 906 504 25 779 772 442 783 860 
732 866 384 489 748 660 309 92 496 850 
82 184 709 397 257 81 805 162 991 429 
769 515 35 638 887 821 572 704 528 407 
494 952 413 522 882 740 410 112 103 140 
776 502 485 886 372 962 232 134 630 426 
160 120 116 755 980 535 679 81 125 202 
933 458 993 204 12 516 378 195 463 459 
703 93 670 89 975 719 436 86 70 841 
177 853 769 36 903 893 205 838 874 840 
337 276 674 957 285 93 545 338 854 72 
333 925 857 634 869 60 799 219 430 266 
764 523 437 477 396 129 363 710 631 323 
392 699 518 303 697 964 381 706 529 701 
487 827 993 230 327 468 948 272 411 647 
227 244 723 999 403 273 952 147 214 225 
377 538 348 50 371 396 515 239 480 625 
224 327 312 706 445 776 174 223 645 60 
66 409 775 749 345 789 696 599 350 111 
806 708 257 776 326 463 699 858 633 621 
906 527 911 171 28 141 400 997 12 182 
108 329 307 377 203 579 826 779 356 7 
617 501 930 942 520 101 546 622 721 797 
200 53 143 967 57 27 301 351 959 83 
201 573 400 426 593 149 679 288 628 280 
679 198 127 346 229 441 203 202 834 639 
782 61 199 557 802 474 275 390 113 513 
679 401 908 200 83 4 302 723 986 762 
307 743 69 920 17 446 196 800 200 236 
497 358 315 369 1 276 971 164 648 182 
792 478 721 495 935 599 184 399 300 914 
289 105 303 765 689 820 612 380 44 553 
38 628 636 768 923 907 60 815 817 658 
849 544 702 89 663 13 273 722 248 656 
756 37 936 298 241 951 142 57 576 388 
773 730 573 100 600 303 346 34 36 13 
917 432 585 590 885 32 164 105 126 344 
150 514 692 996 935 901 219 142 706 941 
389 219 883 889 636 546 154 223 859 416 
239 95 257 908 462 832 190 386 406 87 
417 662 537 950 833 103 374 170 149 245 
299 108 338 743 852 231 22 90 218 495 
221 589 801 422 446 522 900 919 552 859 
493 250 696 807 999 794 535 360 305 767 
62 213 513 186 212 763 990 605 957 304 
913 965 870 556 938 872 649 341 795 980 
217 497 685 576 13 932 930 379 152 522 
486 410 169 27 315 313 331 171 756 35 
276 402 726 213 335 629 192 154 53 915 
192 615 744 8 485 626 173 728 289 533 
693 25 884 890 811 14 294 190 960 998 
694 231 100 328 286 311 320 87 96 970 
999 614 190 412 70 117 679 647 26 631 
976 548 896 778 395 666 66 50 164 920 
163 507 941 200 984 601 562 830 558 862 
332 189 463 492 150 112 873 800 706 455 
226 626 118 673 836 39 740 924 794 484 
676 821 595 250 765 862 180 414 204 388 
302 826 927 336 908 835 287 636 32 665 
98 99 469 238 470 322 903 776 157 16 
409 492 490 528 44 794 987 7 810 519 
305 947 952 571 203 83 65 281 973 347 
730 968 459 867 385 406 859 402 788 83 
794 629 234 413 342 165 398 932 306 522 
214 8 968 293 920 629 191 152 15 117 
910 937 410 314 968 315 515 735 441 384 
605 311 164 567 75 661 209 455 323 271 
844 988 26 571 775 39 276 875 783 508 
615 56 151 901 254 365 132 723 260 209 
646 706 190 573 689 16 588 394 359 914 
717 450 443 606 960 215 721 249 737 134 
67 898 326 620 991 908 424 765 891 474 
282 417 536 902 77 392 671 968 197 653 
856 72 753 431 492 860 488 664 156 875 
303 627 791 575 583 253 355 647 929 471 
435 218 232 890 697 796 958 548 994 686 
703 610 824 473 742 488 530 769 42 549 
169 727 996 90 447 540 907 143 698 692 
754 820 794 249 894 284 834 347 661 223 
578 333 116 841 885 243 186 137 698 416 
792 784 448 874 751 48 659 529 720 319 
339 666 91 19 890 127 615 521 835 916 
623 89 60 641 177 44 194 214 522 212 
535 20 676 312 92 737 480 917 297 436 
298 173 971 623 303 544 760 743 520 663 
661 688 491 954 610 612 681 842 836 569 
396 987 71 457 26 135 369 289 675 39 
966 524 155 32 780 995 555 858 840 323 
322 539 25 514 392 652 8 356 34 849 
533 390 822 425 510 143 531 821 213 774 
625 466 864 158 795 531 811 420 977 465 
158 71 828 370 394 527 186 500 453 887 
823 937 665 997 61 974 281 464 370 629 
387 727 170 425 91 355 83 798 907 539 
563 873 498 718 734 406 454 716 435 321 
848 523 469 778 883 827 308 348 445 29 
794 163 918 447 906 423 602 513 49 407 
893 102 189 973 423 705 116 112 561 612 
621 956 719 983 936 363 356 807 414 190 
447 509 842 907 711 494 898 697 696 54 
480 379 935 49 695 705 811 201 761 959 
70 223 185 204 552 59 242 68 876 858 
619 373 382 167 447 788 46 71 839 974 
140 919 343 60 924 358 457 743 876 887 
513 423 401 824 773 406 963 941 367 740 
513 510 816 845 64 770 767 748 702 199 
148 442 525 756 569 157 511 625 317 267 
247 764 493 813 807 799 390 542 842 466 
121 620 528 331 525 736 591 608 990 498 
567 391 0 601 717 750 432 943 417 17 
705 369 185 732 600 890 983 762 584 450 
832 675 2 745 423 545 541 385 820 226 
815 12 381 155 724 462 564 483 521 439 
61 511 0 199 170 44 696 259 112 822 
206 672 677 462 167 261 993 641 511 224 
22 92 848 724 903 992 496 538 857 839 
656 903 924 174 964 639 865 189 382 328 
167 706 483 204 992 566 241 997 528 307 
469 305 901 421 239 142 663 990 950 738 
822 163 140 63 384 652 139 458 671 948 
121 679 597 104 882 55 325 334 644 79 
811 103 88 707 991 890 353 948 835 356 
839 334 160 164 258 628 764 52 86 46 
259 441 161 209 602 37 136 827 840 39 
667 432 216 964 516 138 573 21 27 910 
622 484 77 631 520 874 138 205 131 10 
647 584 555 521 665 70 198 858 682 704 
233 523 685 683 613 545 859 760 202 461 
628 249 188 870 206 684 259 682 905 101 
469 883 546 1 612 500 580 213 668 861 
652 236 293 607 738 218 861 648 712 62 
360 908 598 129 39 515 238 554 102 478 
203 196 673 349 377 50 723 834 168 627 
174 936 612 895 387 619 270 383 92 968 
160 976 715 729 176 763 351 786 767 371 
379 646 421 850 782 742 937 43 611 645 
926 626 994 61 241 458 499 675 383 627 
877 85 192 975 916 590 518 829 258 670 
374 989 520 406 995 331 160 222 667 841 
240 591 849 739 548 144 664 365 654 949 
155 904 240 204 341 70 590 730 500 333 
615 644 823 55 905 419 455 619 4 600 
486 281 915 371 672 503 117 654 753 945 
336 874 671 260 432 168 91 536 691 760 
570 734 381 647 888 714 970 762 695 616 
480 739 580 786 724 567 544 807 82 171 
372 996 635 778 726 602 14 813 534 125 
645 263 234 34 136 3 637 469 671 42 
708 395 755 508 187 241 639 710 771 482 
962 401 527 836 117 921 964 70 641 513 
392 437 806 957 968 295 667 976 678 529 
598 246 614 101 571 956 500 424 670 194 
939 907 533 879 189 192 967 461 353 954 
167 821 430 369 0 729 226 457 583 700 
196 789 554 509 424 962 848 363 160 458 
51 92 502 401 137 852 554 404 126 371 
283 28 130 282 500 313 897 449 143 383 
129 230 53 57 554 589 359 692 886 882 
186 12 254 617 533 71 492 315 674 401 
866 638 910 694 383 297 577 42 295 629 
872 394 428 660 702 978 125 124 804 223 
684 923 162 357 369 618 318 108 95 233 
173 349 837 119 749 185 413 849 639 526 
45 30 769 695 172 611 216 481 418 20 
256 794 880 83 70 732 234 475 890 487 
884 816 143 929 463 142 311 872 131 453 
6 866 393 474 315 746 887 585 737 483 
238 20 145 556 592 122 913 767 100 515 
51 278 671 392 666 573 685 811 626 991 
372 998 485 211 786 377 459 971 656 363 
501 718 744 6 963 748 882 592 802 499 
880 200 122 64 461 172 973 210 396 940 
378 374 547 519 653 693 612 581 253 407 
453 965 191 569 167 537 230 455 270 102 
337 854 883 102 34 307 419 673 356 781 
638 443 486 15 630 86 97 415 106 524 
896 136 456 129 783 137 309 2 118 128 
11 887 499 479 953 500 884 103 115 758 
936 160 910 327 401 296 907 68 56 133 
54 548 80 698 584 547 432 949 815 631 
435 1 268 752 249 196 420 124 451 246 
398 467 725 745 7 56 662 383 375 196 
336 15 554 144 7 215 709 831 270 823 
434 204 454 41 455 456 278 498 335 656 
548 692 689 643 774 356 869 332 954 779 
306 546 606 730 120 218 66 81 971 129 
974 25 693 841 851 485 707 809 402 303 
930 759 809 762 880 672 485 859 428 304 
963 584 29 187 830 456 950 593 273 632 
823 444 425 967 920 807 932 974 740 685 
423 420 723 428 567 404 243 314 165 932 
439 498 790 554 908 356 729 387 567 996 
141 433 807 157 907 279 873 484 579 21 
946 94 65 708 134 794 106 513 38 717 
328 469 336 204 579 81 285 995 105 499 
436 108 579 266 859 559 605 719 799 741 
816 748 833 191 110 385 211 517 652 309 
512 524 785 604 752 495 321 344 180 26 
277 800 886 736 31 118 686 53 924 283 
548 313 482 347 877 643 215 891 804 310 
964 570 18 174 137 669 356 892 945 556 
725 748 50 992 174 1 584 479 435 638 
191 196 489 870 867 538 658 948 976 896 
48 868 942 347 567 447 812 593 182 523 
768 310 275 871 949 572 504 621 932 240 
108 711 633 755 532 133 74 409 975 231 
319 887 287 656 188 809 650 260 539 117 
662 140 277 986 950 868 48 903 994 435 
601 574 971 79 334 411 986 311 792 356 
981 729 478 690 294 176 240 535 238 917 
677 700 387 510 703 458 371 652 286 109 
543 711 975 843 472 271 458 214 822 383 
268 385 799 417 451 515 441 860 750 920 
869 76 209 630 232 172 633 857 350 419 
797 213 415 89 961 529 521 602 610 210 
799 551 282 264 913 201 702 719 824 590 
579 284 577 874 43 998 993 525 831 277 
325 483 188 674 995 998 247 343 539 337 
341 442 935 556 663 54 551 503 171 602 
104 477 335 557 644 266 753 164 547 808 
778 323 920 507 788 167 578 228 397 659 
173 261 939 187 803 191 636 171 608 751 
177 493 138 585 575 873 143 473 708 350 
356 969 891 238 163 129 466 327 120 361 
833 703 82 701 426 514 705 634 205 641 
905 481 824 967 199 920 663 650 960 195 
488 202 279 330 917 166 324 71 788 470 
750 540 891 223 912 973 948 507 999 361 
942 673 547 173 190 404 58 218 501 747 
879 39 461 230 365 403 794 330 736 786 
134 124 45 577 732 432 33 548 312 85 
534 279 313 109 944 269 400 237 603 214 
79 606 6 271 794 747 347 212 625 623 
858 584 887 742 707 813 704 428 851 773 
235 883 85 835 840 948 193 115 787 594 
591 240 708 862 222 793 74 577 179 22 
679 383 456 831 541 189 439 340 588 83 
104 9 227 897 401 821 513 218 41 951 
511 745 110 104 238 337 717 179 427 534 
859 562 960 698 654 909 614 613 148 964 
389 840 750 663 859 634 807 659 875 122 
421 766 213 806 254 140 856 220 992 701 
717 126 215 247 387 43 123 284 426 566 
23 149 526 114 338 151 507 698 429 890 
846 522 316 567 103 474 349 524 857 388 
442 365 523 204 967 265 355 367 852 992 
903 416 47 293 96 310 587 530 97 680 
899 827 978 449 154 217 948 886 7 5 
673 365 279 981 286 271 966 699 20 480 
700 974 485 5 783 329 49 246 326 509 
3 820 364 268 17 445 45 903 264 650 
571 70 962 399 153 199 730 841 723 180 
99 655 906 458 818 413 40 382 844 498 
590 483 335 365 43 555 780 901 408 814 
142 869 654 698 177 341 418 364 352 68 
658 328 732 744 186 602 0 861 757 106 
773 248 549 450 515 858 134 969 323 775 
508 522 211 124 835 525 563 299 582 716 
367 840 829 687 118 356 932 25 511 265 
27 358 701 893 873 74 135 833 644 702 
21 355 250 779 571 916 145 505 382 376 
370 567 693 183 310 187 583 128 700 258 
721 325 187 38 462 172 10 465 810 880 
131 523 794 618 53 964 607 112 575 790 
366 968 454 827 441 548 641 703 411 287 
684 14 961 655 892 659 49 151 831 32 
298 200 240 387 608 92 439 896 480 825 
452 461 959 420 393 281 821 666 23 937 
350 245 538 243 860 333 334 626 354 625 
111 364 537 798 89 783 733 106 153 122 
635 31 894 668 425 192 148 24 951 842 
460 948 203 524 710 862 413 603 217 886 
808 274 58 7 101 271 277 842 755 159 
848 255 625 131 340 969 586 533 311 332 
729 422 849 23 520 331 740 183 161 253 
626 554 783 245 229 959 431 774 685 733 
387 493 413 817 355 768 209 926 885 532 
442 159 157 513 582 521 164 470 598 896 
847 159 348 603 983 266 932 538 340 859 
494 127 538 358 66 439 414 753 269 918 
909 494 230 476 241 358 810 696 316 348 
829 154 917 351 411 40 131 914 363 75 
830 487 882 261 171 42 328 6 793 278 
562 311 427 852 679 182 780 511 87 385 
917 818 771 619 81 839 633 863 465 237 
636 446 810 52 980 474 466 814 825 123 
442 537 974 576 404 327 533 346 878 596 
55 573 603 725 437 877 289 721 287 214 
230 633 481 340 591 182 22 194 464 655 
63 676 170 432 267 463 506 57 510 124 
866 23 437 808 459 775 164 634 813 417 
898 964 265 990 894 282 782 76 398 965 
590 773 356 557 583 51 928 83 812 506 
189 38 595 927 700 29 816 751 994 623 
293 304 482 234 369 103 270 561 322 897 
72 489 948 540 234 562 554 401 238 934 
882 725 719 536 687 249 633 932 57 827 
477 640 566 785 652 494 755 386 848 841 
251 788 626 397 954 703 833 230 807 803 
341 201 145 920 419 460 246 370 604 707 
703 481 785 885 744 852 642 339 788 452 
619 563 978 455 726 643 435 671 773 0 
472 394 933 187 992 637 401 993 784 547 
384 26 205 719 852 120 152 306 123 973 
967 174 109 924 352 597 376 639 561 86 
320 275 529 54 191 125 423 740 441 682 
55 400 814 527 968 338 463 475 760 127 
469 374 33 653 880 754 904 793 868 323 
586 392 428 601 922 292 341 287 854 585 
300 848 138 525 789 958 111 231 367 959 
180 424 609 709 871 344 361 751 224 250 
515 856 222 350 317 104 11 805 126 534 
189 457 861 57 34 609 152 880 845 380 
65 401 665 566 62 251 248 59 93 306 
470 168 377 766 176 796 575 423 759 933 
1 643 982 647 687 235 156 638 145 123 
137 607 260 598 643 512 866 42 284 658 
899 28 994 729 5 235 230 664 333 248 
764 875 218 282 397 147 526 644 575 854 
82 179 848 454 541 455 274 92 610 954 
950 372 961 31 56 701 160 205 547 98 
729 624 543 799 176 830 526 290 16 981 
204 664 221 997 668 961 76 593 949 761 
72 366 269 586 66 120 939 283 508 358 
612 672 876 352 311 806 622 345 369 859 
162 598 115 927 760 304 352 315 948 331 
197 345 167 691 403 716 561 82 480 731 
180 330 622 992 141 111 645 655 978 538 
516 70 730 958 568 123 393 93 610 317 
379 164 647 175 934 721 543 167 919 678 
851 899 435 9 24 36 884 316 343 149 
77 853 631 864 566 671 595 600 467 464 
229 961 36 395 10 123 105 133 858 725 
432 532 918 141 323 498 647 435 124 589 
274 329 735 689 609 997 95 942 396 651 
660 821 280 532 385 766 264 149 335 296 
413 678 30 288 458 281 512 385 438 191 
739 372 143 109 655 734 491 511 98 654 
280 279 622 884 977 805 219 646 452 271 
212 399 263 705 458 522 282 4 331 367 
486 240 306 178 579 387 191 564 161 694 
772 904 503 905 299 135 936 910 182 138 
151 737 68 120 884 371 587 103 519 784 
188 868 876 147 96 312 972 667 530 830 
794 963 104 109 347 231 150 118 235 409 
131 39 1 300 313 197 919 845 449 553 
883 617 684 169 119 301 545 26 956 157 
432 675 179 238 882 419 849 257 514 662 
187 302 438 575 845 715 270 820 420 135 
372 262 667 446 704 145 720 807 632 820 
635 977 484 281 831 432 283 158 528 138 
661 540 418 995 493 337 16 655 653 98 
80 881 819 776 911 195 572 481 930 324 
283 87 125 525 910 235 794 615 853 371 
747 806 707 132 480 892 606 887 871 255 
100 421 251 99 557 742 518 930 340 618 
692 265 615 264 30 695 628 294 569 392 
510 508 607 124 380 690 668 10 591 451 
327 878 264 333 823 461 933 352 448 781 
406 873 653 413 486 901 925 916 547 657 
258 764 888 801 727 139 710 31 926 384 
60 471 822 247 719 96 733 721 833 798 
562 461 444 774 987 215 595 348 104 663 
191 801 66 865 454 377 453 443 4 502 
851 157 127 263 908 150 75 859 936 766 
755 899 402 470 526 703 166 768 161 979 
154 634 909 611 494 337 411 286 810 679 
565 807 282 999 548 956 665 678 644 800 
554 739 924 386 803 496 893 544 868 504 
771 674 208 37 562 769 259 999 7 965 
100 19 286 521 617 302 0 903 185 710 
360 304 909 197 628 968 213 548 611 584 
557 842 403 347 613 394 70 653 354 107 
858 374 359 354 314 228 546 760 542 877 
38 765 171 656 431 143 944 352 154 881 
74 726 799 142 918 215 33 847 453 766 
970 163 67 129 390 645 892 393 787 38 
907 144 629 108 665 872 128 276 379 883 
2 953 604 754 520 583 435 552 623 206 
543 329 5 779 450 357 694 366 834 689 
701 601 570 301 925 262 854 428 780 926 
129 393 818 3 220 698 375 610 971 15 
158 696 547 780 201 394 467 768 865 577 
855 874 229 0 757 972 341 777 35 748 
727 933 370 947 660 3 817 725 65 335 
672 95 904 212 91 8 599 729 633 336 
661 67 613 939 985 903 469 479 501 490 
537 458 414 628 229 470 997 544 666 774 
154 644 805 570 269 476 432 120 492 122 
118 603 515 287 857 678 663 772 732 333 
974 570 688 542 958 140 657 848 776 918 
68 488 810 112 506 472 101 132 292 417 
284 979 790 436 241 849 365 937 77 997 
670 805 503 81 773 167 684 730 187 784 
928 907 281 116 945 348 986 522 492 700 
319 798 785 375 565 563 555 705 110 377 
426 131 435 242 152 326 981 236 105 438 
45 656 379 624 527 50 583 98 178 724 
97 462 210 588 199 574 839 711 244 674 
383 845 168 781 573 855 157 122 708 760 
523 249 863 657 143 493 397 438 125 614 
766 829 984 685 461 221 209 743 691 803 
590 115 405 391 52 74 334 410 953 557 
765 254 833 644 395 859 857 572 774 45 
391 607 136 791 370 196 369 515 27 734 
674 61 953 320 68 304 97 124 682 148 
970 63 863 596 336 16 347 859 281 462 
107 697 766 596 432 452 605 203 97 55 
743 734 467 249 995 150 572 553 328 590 
604 780 776 363 408 851 301 890 158 376 
211 127 341 20 397 616 825 143 703 177 
483 498 694 907 960 166 306 760 448 3 
421 869 89 924 603 912 294 722 415 517 
573 2 83 976 752 244 801 379 411 757 
751 217 823 332 901 497 508 718 842 959 
428 467 577 170 780 211 141 312 728 315 
410 314 673 141 283 830 627 463 734 287 
891 3 48 96 345 634 342 324 282 866 
199 497 31 18 363 378 283 383 572 758 
796 72 704 93 614 409 27 926 133 764 
953 999 468 232 660 537 506 601 951 753 
818 582 120 581 461 952 868 863 626 725 
942 835 598 924 67 61 479 295 409 957 
326 773 597 306 500 491 927 557 156 999 
815 106 617 19 746 205 826 758 811 312 
124 62 790 875 840 825 901 506 954 81 
383 555 284 229 66 483 0 36 595 579 
944 726 852 90 9 430 271 321 298 23 
462 453 97 564 776 446 587 565 795 406 
623 584 857 372 553 799 836 831 751 156 
241 975 146 720 370 651 834 890 934 582 
886 407 360 529 56 245 338 110 577 981 
579 823 793 532 491 762 40 438 305 641 
800 93 134 974 283 441 396 73 727 19 
120 790 485 177 487 118 230 494 509 157 
115 251 717 868 260 41 494 503 556 709 
786 161 541 755 55 639 338 865 310 520 
499 304 260 347 409 206 169 308 609 703 
117 561 414 547 302 854 746 990 938 826 
118 823 684 594 227 138 414 87 97 326 
224 243 316 683 531 71 145 528 692 108 
806 843 113 585 319 128 133 988 736 500 
521 197 333 599 952 545 658 771 691 132 
438 336 972 646 17 479 303 567 530 34 
277 782 834 459 26 476 636 675 756 954 
75 283 817 898 246 147 886 991 955 95 
273 947 379 34 691 937 44 437 711 492 
300 662 513 502 197 499 91 678 887 523 
21 604 257 751 915 259 115 200 557 998 
127 917 496 572 829 893 748 710 125 797 
896 265 14 448 889 281 146 680 191 423 
450 311 231 100 153 884 58 473 596 655 
249 995 662 311 591 187 160 335 965 307 
303 745 207 562 720 74 546 0 924 729 
238 552 993 239 801 25 128 674 637 334 
843 683 350 17 927 388 180 808 617 920 
682 71 506 300 187 886 772 987 580 227 
823 893 934 726 163 786 824 363 56 524 
855 463 805 459 380 29 864 471 511 388 
729 772 186 734 541 72 415 782 703 399 
525 445 321 732 607 39 338 591 314 842 
56 33 38 937 460 963 880 207 160 759 
841 938 857 684 477 744 629 84 322 988 
350 889 334 725 976 761 891 178 46 490 
841 73 958 337 611 200 323 658 479 136 
998 472 141 972 104 73 77 642 412 700 
33 16 257 200 607 439 324 399 289 459 
931 682 171 99 930 703 250 640 417 98 
490 927 491 359 374 705 476 172 398 249 
26 563 316 670 732 888 111 394 791 493 
322 838 64 694 551 310 979 502 967 192 
244 310 513 618 713 870 803 484 303 761 
301 319 490 10 118 504 584 189 83 249 
71 204 147 948 975 492 305 218 911 340 
661 887 153 660 842 829 783 220 401 898 
986 782 845 15 425 400 129 557 381 513 
23 990 605 809 886 639 283 89 239 509 
305 868 294 472 159 385 100 851 706 371 
118 534 693 482 347 48 526 547 862 971 
860 429 414 151 527 137 396 512 314 717 
738 427 512 440 669 81 844 526 502 626 
572 989 902 291 858 167 381 549 189 562 
915 840 575 565 77 960 66 534 706 3 
430 47 907 377 740 73 617 960 639 207 
35 940 701 255 415 440 117 840 978 952 
510 167 984 149 595 335 649 112 559 176 
526 260 764 561 649 241 93 187 717 253 
382 962 64 622 961 32 215 848 356 627 
675 76 58 415 400 694 393 293 208 537 
753 497 492 314 248 22 6 988 326 498 
992 488 905 267 172 552 983 301 948 542 
681 442 956 256 719 562 343 774 228 745 
997 675 299 942 524 852 325 518 847 313 
900 990 949 675 853 497 445 912 955 532 
760 375 167 655 867 800 880 930 309 328 
568 644 183 856 916 312 326 730 90 532 
821 861 859 343 506 247 294 318 322 476 
289 4 499 560 904 913 40 905 88 745 
423 307 591 403 134 231 102 349 884 153 
580 544 49 392 793 185 12 573 101 629 
663 667 286 860 522 311 668 954 909 949 
711 232 59 171 464 724 258 852 999 370 
385 835 77 289 856 973 688 88 666 203 
511 893 874 690 73 622 564 325 542 864 
780 200 411 202 458 295 755 981 199 541 
763 421 625 922 71 260 341 746 908 485 
666 911 260 567 824 921 279 876 7 805 
879 631 48 874 61 642 303 580 882 1 
615 630 302 891 946 577 625 767 176 995 
146 336 122 521 614 440 899 303 637 686 
987 576 221 825 992 8 302 343 450 364 
706 373 724 684 868 786 703 250 266 17 
156 894 490 433 906 823 967 369 471 992 
720 565 137 260 928 677 140 657 453 671 
829 793 861 359 554 509 244 774 206 856 
803 678 384 119 532 884 909 995 661 290 
844 141 731 891 576 617 975 501 621 64 
951 212 359 808 531 19 706 332 615 499 
759 225 653 436 853 361 25 347 513 702 
226 116 334 645 554 663 586 36 97 240 
72 338 779 275 62 744 846 319 531 925 
557 218 977 14 982 701 812 455 193 815 
582 188 97 250 274 836 80 136 117 938 
785 127 414 429 45 354 556 254 418 409 
922 188 28 148 797 423 837 101 926 109 
424 385 468 997 145 569 439 328 698 112 
555 434 28 956 399 160 495 659 784 696 
137 850 208 335 813 390 280 434 108 693 
251 183 399 475 974 540 385 873 585 634 
594 524 962 714 178 341 408 221 717 301 
811 983 873 828 285 275 399 514 570 643 
66 686 244 292 192 881 212 230 903 692 
529 983 115 296 408 361 9 909 474 558 
410 55 768 323 194 871 5 368 856 574 
922 177 905 122 485 749 806 770 2 77 
839 834 535 187 985 446 323 173 545 573 
676 808 386 848 380 142 274 573 9 42 
30 115 580 305 907 815 218 536 291 0 
28 750 955 766 646 727 638 32 314 212 
794 319 155 800 888 704 703 495 675 14 
523 957 309 835 928 956 113 183 566 211 
929 432 948 203 501 66 885 800 945 269 
417 245 810 610 852 413 921 284 918 661 
873 21 345 269 166 940 858 881 334 918 
169 789 471 273 964 478 370 183 666 536 
688 931 745 628 605 524 255 737 261 782 
437 805 205 462 197 504 864 254 144 536 
57 557 587 157 227 612 208 422 482 818 
899 365 190 92 941 20 984 202 243 426 
676 103 994 320 290 686 287 740 760 572 
376 100 638 356 471 462 21 728 918 507 
550 47 602 632 223 476 784 321 56 813 
559 535 268 252 934 769 713 947 31 283 
132 113 590 725 993 984 186 470 538 144 
634 384 496 328 851 492 449 738 309 994 
952 210 360 237 73 426 910 503 315 32 
900 691 337 46 865 668 809 501 770 319 
72 644 430 176 946 956 85 405 635 753 
773 486 611 536 450 736 444 508 851 751 
319 634 995 512 811 583 579 269 591 787 
51 863 240 509 88 793 885 882 833 875 
755 847 853 741 151 373 745 283 133 837 
517 76 760 341 912 813 258 949 6 720 
912 655 174 729 305 757 804 61 423 293 
512 543 871 866 320 314 27 741 95 750 
772 807 793 231 658 894 724 179 480 279 
885 736 75 739 939 370 0 376 721 96 
251 408 59 957 310 802 530 959 490 551 
583 203 879 259 216 576 754 906 727 278 
224 996 345 430 164 695 637 793 579 413 
413 67 628 356 720 955 48 286 736 116 
341 165 613 599 4 551 890 680 655 372 
529 956 933 141 461 20 407 403 939 81 
376 371 997 345 48 176 6 280 558 331 
103 337 940 193 709 203 782 539 335 126 
61 402 415 713 17 387 284 938 84 982 
589 69 772 623 255 46 396 604 485 468 
939 372 882 118 72 29 955 355 588 625 
664 916 248 394 23 732 31 454 69 595 
253 482 899 837 553 952 743 421 422 291 
540 736 611 323 942 380 447 181 679 12 
209 281 57 567 619 957 834 551 125 111 
941 91 934 19 738 430 558 823 695 981 
599 954 352 668 232 958 667 593 825 965 
693 362 636 445 51 602 766 127 489 449 
103 30 669 500 737 259 878 302 806 548 
51 33 972 638 904 114 779 497 922 772 
607 319 954 809 362 497 843 311 202 928 
680 990 219 813 459 309 335 88 281 111 
187 493 987 535 661 282 861 918 867 241 
578 961 149 232 137 206 549 910 169 916 
45 576 416 944 582 167 489 713 510 5 
123 43 79 280 135 309 218 238 994 877 
379 708 207 557 540 16 25 451 843 577 
178 338 846 184 111 544 525 727 140 800 
925 943 775 280 709 658 319 526 900 731 
544 913 843 459 831 872 617 323 892 209 
867 740 634 813 516 161 751 631 93 761 
141 598 210 431 733 127 467 37 971 279 
798 537 359 450 689 562 264 666 578 132 
153 770 193 242 465 648 326 476 599 431 
180 792 53 584 527 847 936 851 234 73 
602 558 866 592 102 72 121 456 847 630 
952 395 53 805 82 228 321 810 270 729 
114 435 790 554 695 145 888 152 196 25 
679 584 557 590 458 262 428 555 580 89 
880 574 879 823 985 981 833 822 349 652 
201 619 170 975 650 100 133 310 634 828 
125 848 424 450 351 123 649 444 175 189 
821 255 792 902 852 186 701 726 477 744 
698 570 372 933 97 472 840 475 43 61 
971 611 23 320 964 632 858 309 344 686 
409 551 991 150 734 550 256 231 476 189 
978 473 401 277 68 395 166 968 920 992 
719 329 484 193 573 172 711 25 38 655 
567 114 609 779 600 366 871 70 55 438 
579 249 644 136 62 875 575 84 545 165 
255 776 205 784 887 133 383 56 994 322 
607 674 33 689 740 410 91 917 18 482 
238 519 339 271 438 253 714 231 218 235 
806 929 265 961 220 54 603 950 378 675 
869 594 964 489 250 511 779 491 809 111 
389 88 170 34 699 197 625 948 695 624 
570 774 992 444 902 264 218 498 940 76 
387 550 390 282 186 604 496 370 784 336 
49 608 373 203 230 714 50 769 669 525 
538 125 535 901 217 629 95 588 827 933 
138 41 201 345 742 35 829 95 561 362 
954 113 690 947 396 543 988 576 765 646 
951 409 738 335 27 374 82 240 554 652 
563 778 513 721 633 177 486 568 165 377 
616 795 529 194 325 134 709 499 760 416 
849 282 367 740 542 218 364 415 320 524 
447 711 692 465 394 89 630 679 350 143 
849 884 362 651 988 93 841 762 381 908 
717 566 460 437 778 541 455 955 235 440 
914 296 705 734 275 116 136 265 168 599 
904 824 935 378 696 467 112 631 858 255 
772 282 763 702 737 321 726 379 140 408 
481 515 460 428 570 348 761 605 511 148 
599 287 30 951 207 41 696 934 354 783 
20 340 280 371 107 919 468 59 11 78 
849 620 49 125 559 987 811 150 207 451 
459 596 427 556 951 522 981 726 630 6 
14 961 28 527 1 300 932 638 346 159 
44 425 253 523 286 206 524 66 752 276 
510 328 784 232 671 442 77 264 178 412 
294 90 536 264 781 137 363 507 437 47 
267 364 607 614 943 632 316 880 781 533 
400 251 279 812 632 681 334 390 699 901 
93 685 158 229 585 852 600 930 950 765 
233 77 864 196 63 599 129 613 392 158 
189 904 422 937 872 439 544 887 270 675 
266 113 705 63 957 931 823 782 59 616 
576 456 689 33 433 624 649 312 963 848 
457 50 83 850 229 899 363 591 496 708 
771 525 411 134 604 552 993 391 440 410 
166 286 363 214 590 139 904 261 876 470 
399 371 578 215 319 781 735 434 473 158 
619 9 710 554 200 605 253 307 756 669 
597 677 409 432 855 715 233 296 856 256 
60 945 866 125 231 604 324 260 697 919 
337 754 736 699 880 992 377 565 644 176 
645 884 152 184 421 901 725 971 693 851 
963 897 297 710 573 459 33 16 277 139 
433 415 657 409 99 785 600 659 184 262 
637 639 995 992 254 174 361 50 809 426 
547 274 965 447 649 28 927 282 260 638 
771 616 630 386 762 130 488 768 310 246 
242 691 972 989 919 655 906 427 958 967 
957 574 523 280 650 520 978 48 487 97 
62 111 769 419 695 975 13 871 969 800 
736 453 776 914 128 334 477 550 94 667 
484 448 270 494 783 711 662 290 565 575 
208 817 314 809 807 912 337 567 449 522 
863 702 830 310 949 83 856 904 176 480 
539 505 584 729 133 911 776 30 361 719 
964 717 458 602 784 667 478 825 330 216 
736 506 184 668 693 629 599 579 528 380 
349 959 613 493 896 166 555 483 266 949 
116 943 633 558 574 4 835 856 997 860 
248 486 163 670 911 850 677 369 708 855 
186 604 940 637 875 564 218 578 841 290 
548 408 656 786 718 507 262 276 812 431 
414 143 171 370 671 159 415 302 173 539 
17 654 675 971 52 387 92 871 554 248 
987 989 764 487 671 689 88 143 430 305 
410 159 229 884 232 446 653 708 725 206 
850 575 735 459 581 18 554 521 596 390 
506 265 826 721 633 706 678 267 644 0 
936 538 611 557 946 900 731 126 636 607 
334 465 341 836 739 176 491 59 884 777 
772 377 966 764 669 92 881 286 22 237 
652 894 382 378 518 69 610 238 482 543 
796 429 388 186 94 587 949 356 888 359 
377 220 303 646 47 917 492 322 201 375 
17 379 739 790 708 71 409 860 485 529 
335 892 883 552 771 882 140 827 340 220 
718 876 534 705 909 230 269 106 434 397 
678 877 255 118 682 558 318 391 300 184 
59 493 916 600 933 791 857 415 878 242 
873 499 518 234 276 31 278 312 681 595 
114 312 874 462 374 548 28 439 678 767 
533 169 760 970 461 981 875 932 340 529 
682 404 327 902 925 781 743 160 981 25 
139 781 907 346 636 25 823 482 339 945 
527 130 706 718 867 549 941 184 463 928 
471 978 752 345 179 457 872 522 295 134 
521 409 304 886 976 349 872 213 552 270 
340 953 513 809 120 626 200 352 862 838 
741 211 892 254 943 120 790 475 735 716 
606 3 883 30 373 53 180 631 336 651 
352 341 408 381 792 529 649 947 178 827 
535 644 319 779 917 30 714 513 869 989 
638 625 919 213 171 513 15 568 264 620 
584 250 605 296 607 225 562 905 746 256 
592 26 398 402 961 638 63 683 691 374 
985 872 529 885 440 551 771 375 507 941 
678 272 632 434 543 925 184 118 624 189 
687 868 45 944 445 937 466 253 773 740 
970 152 986 38 628 308 311 743 401 330 
625 351 927 228 377 854 441 452 170 692 
969 956 839 905 412 961 331 469 537 405 
466 246 620 668 274 86 649 30 192 349 
540 422 723 492 930 132 684 505 830 754 
731 668 153 865 163 120 554 217 770 613 
293 125 212 801 243 534 600 988 589 400 
879 656 784 910 247 798 86 73 172 927 
421 164 291 234 382 425 184 157 545 561 
315 827 672 516 812 93 761 850 482 975 
400 665 709 994 516 897 458 316 303 672 
195 427 271 175 823 687 743 844 751 567 
327 880 552 658 955 569 274 64 367 207 
306 202 539 366 19 233 809 246 214 907 
455 541 152 12 873 414 920 546 675 773 
240 24 334 85 353 730 902 528 765 516 
527 856 195 851 681 177 87 729 498 648 
738 849 402 668 943 37 587 737 18 529 
771 220 20 672 390 552 940 234 534 342 
811 169 153 143 456 730 847 492 205 211 
657 623 317 223 10 494 378 668 180 341 
753 875 312 670 435 765 534 940 584 992 
459 211 624 456 172 401 888 793 15 384 
955 271 508 27 764 994 717 725 565 550 
131 278 844 988 889 520 816 836 504 31 
99 156 203 395 364 77 400 909 239 387 
104 717 171 324 681 100 562 739 457 255 
138 699 709 127 130 483 17 680 761 569 
336 207 356 281 816 876 902 573 908 691 
543 597 479 231 291 587 61 628 278 295 
186 770 879 12 893 555 903 534 492 695 
311 535 699 594 555 451 356 805 769 662 
468 643 896 500 99 598 233 842 630 129 
569 75 956 688 715 467 1 105 131 413 
795 340 115 716 736 954 27 249 981 240 
117 60 899 197 362 527 33 996 642 221 
720 21 44 642 950 828 794 817 442 479 
167 238 55 379 364 221 453 433 878 79 
182 135 144 477 785 559 875 747 966 579 
757 632 727 470 74 49 605 504 0 401 
98 275 393 212 812 156 205 614 379 115 
353 865 308 209 776 273 539 516 535 64 
240 636 267 894 827 567 982 310 974 442 
637 994 115 220 750 84 613 284 697 599 
752 327 39 396 64 823 561 498 91 741 
659 857 749 959 718 913 114 798 778 916 
757 229 279 48 212 723 845 881 401 892 
597 403 667 197 378 755 29 509 188 168 
823 770 855 77 912 885 27 284 151 164 
602 894 766 406 131 549 46 373 907 609 
836 163 569 880 375 716 919 241 463 13 
93 368 960 732 962 89 865 683 336 967 
803 236 559 887 621 95 727 382 514 482 
470 189 446 409 377 46 7 402 422 648 
45 18 379 668 850 675 869 497 737 854 
495 382 215 931 363 136 974 825 293 147 
91 692 804 22 815 104 209 818 445 595 
730 114 778 179 617 236 120 754 596 659 
884 595 961 175 553 580 76 352 577 447 
803 260 675 762 929 494 327 600 758 619 
918 745 907 713 668 752 793 200 91 810 
897 747 273 928 701 666 732 521 326 542 
93 845 715 159 742 828 325 185 597 540 
75 12 565 639 484 503 171 24 994 382 
442 940 854 450 484 742 367 275 191 121 
414 946 658 400 245 657 586 823 765 614 
662 953 819 765 440 13 70 507 891 495 
662 324 426 30 946 704 41 329 180 51 
363 839 636 519 279 345 554 829 82 607 
375 852 796 466 166 719 438 299 188 414 
220 348 842 114 544 385 231 367 882 627 
24 262 115 72 867 423 933 76 94 995 
479 400 27 166 364 327 156 687 8 946 
32 240 237 439 239 481 546 998 325 247 
897 398 986 172 164 846 448 147 431 487 
895 581 551 319 878 338 893 617 793 527 
17 786 383 860 773 204 259 23 254 662 
69 844 30 761 618 94 640 558 191 518 
131 62 272 402 677 346 527 817 236 717 
565 147 361 424 461 703 608 364 937 950 
605 89 131 782 312 183 904 846 386 691 
638 228 883 309 377 588 961 425 325 994 
525 513 696 129 265 686 38 372 158 645 
882 788 422 476 335 845 502 659 469 203 
567 44 101 130 980 172 645 540 893 153 
62 979 4 181 430 101 220 460 180 571 
384 423 20 679 781 571 879 878 884 929 
99 490 696 937 580 143 750 349 70 519 
707 705 273 665 15 453 0 285 238 732 
576 660 49 229 723 728 187 186 547 112 
892 710 781 561 334 138 452 397 156 521 
650 382 969 37 895 383 569 579 202 161 
861 764 685 261 537 131 817 235 271 631 
242 29 919 809 803 901 616 550 637 664 
861 656 844 313 49 562 888 379 22 958 
668 763 2 466 651 283 613 744 293 204 
119 177 296 246 787 49 620 717 613 69 
665 376 143 841 685 798 502 477 292 894 
189 629 166 182 728 477 105 391 289 831 
311 492 66 905 938 382 62 918 724 729 
627 734 392 841 526 369 583 313 262 11 
212 744 103 321 169 930 252 904 591 366 
667 497 562 267 748 700 13 567 195 855 
640 117 151 120 344 968 392 40 391 623 
227 595 190 218 544 542 676 402 598 57 
