11 31 59 67 
65 11 69 21 
50 19 27 43 
21 36 93 98 
90 28 94 35 
35 19 97 16 
96 63 39 86 
32 74 56 91 
96 26 46 40 
45 77 76 55 
71 89 25 94 
22 0 68 1 
53 54 42 24 
72 76 18 51 
82 40 72 58 
94 79 60 87 
63 92 85 82 
74 84 95 48 
48 94 43 13 
34 2 51 23 
62 93 44 70 
44 3 96 42 
11 77 41 68 
81 25 93 90 
93 83 12 80 
58 89 10 23 
65 8 53 44 
82 49 2 86 
35 63 4 12 
61 66 75 34 
98 92 8 78 
0 48 50 37 
7 39 64 83 
34 29 27 11 
19 33 81 29 
28 42 5 36 
37 54 90 76 
36 67 79 98 
58 44 19 25 
46 40 82 6 
79 39 14 8 
22 77 23 90 
93 35 96 12 
61 85 18 48 
21 38 73 20 
9 7 77 12 
59 39 8 66 
44 65 95 58 
18 31 85 17 
65 59 27 34 
2 71 31 96 
66 19 70 99 
90 60 63 87 
12 26 62 44 
96 36 12 40 
9 27 83 29 
86 77 7 35 
61 36 91 98 
38 25 44 75 
46 49 0 50 
82 52 40 63 
43 29 57 62 
20 40 44 61 
28 16 6 60 
83 32 39 59 
26 40 49 1 
51 29 46 70 
92 97 37 72 
77 11 22 79 
98 51 23 78 
66 96 20 51 
50 10 74 25 
85 13 67 77 
44 54 26 72 
17 99 71 7 
81 29 90 58 
78 36 9 13 
22 68 9 56 
76 40 31 69 
40 37 15 77 
24 49 45 84 
23 34 75 22 
60 14 27 39 
64 82 24 32 
17 52 80 46 
72 43 16 48 
56 27 6 48 
52 79 27 93 
22 37 27 71 
25 10 74 29 
52 4 36 37 
92 7 6 16 
67 30 16 74 
24 42 20 23 
18 15 4 77 
17 47 36 99 
54 8 6 42 
67 65 92 88 
30 69 37 90 
74 51 9 32 
